start=166.624789
video-aspect-override=1.777778
